Profitable offer was found!
Price: 51.66 ref
Profit: 0.11 ref
Tradeoffer link: https://steamcommunity.com/tradeoffer/new/?partner=1158280504&token=6V9o5iLN&for_item=440_2_10164924507
1.0  (0.99 + 0.01)
2.22  (+0.01)
3.22  (+0.01)
4.0  (0.99 + 0.01)
5.0  (0.99 + 0.01)
6.22  (+0.01)
7.0  (0.99 + 0.01)
8.22  (+0.01)
9.22  (+0.01)
10.0  (0.99 + 0.01)
11.22  (+0.01)
12.0  (0.99 + 0.01)
13.0  (0.99 + 0.01)
14.0  (0.99 + 0.01)
15.0  (0.99 + 0.01)
16.22  (+0.01)
17.0  (0.99 + 0.01)
18.22  (+0.01)
19.22  (+0.01)
20.0  (0.99 + 0.01)
21.22  (+0.01)
22.22  (+0.01)
23.0  (0.99 + 0.01)
24.22  (+0.01)
25.22  (+0.01)
26.0  (0.99 + 0.01)
27.22  (+0.01)
28.0  (0.99 + 0.01)
30.22  (+0.01)
36.44  (+0.01)
88.22  (+0.01)
140.0  (0.99 + 0.01)
149.44  (+0.01)
153.44  (+0.01)
154.22  (+0.01)
155.0  (0.99 + 0.01)
159.0  (0.99 + 0.01)
162.44  (+0.01)
165.44  (+0.01)
169.44  (+0.01)
171.22  (+0.01)
175.22  (+0.01)
176.0  (0.99 + 0.01)
177.22  (+0.01)
178.0  (0.99 + 0.01)
133 113 70
178.44
1.0
2.0
3.0
4.0
5.0
6.0
7.0
8.0
9.0
10.0
11.0
12.0
13.0
14.0
15.0
16.0
17.0
18.0
19.0
20.0
21.0
22.0
23.0
24.0
25.0
26.0
27.0
28.0
29.0
30.0
31.0
32.0
33.0
34.0
35.0
36.0
37.0
38.0
39.0
40.0
41.0
42.0
43.0
44.0
45.0
46.0
47.0
48.0
49.0
50.0
51.0
52.0
52.0
51.0
51.33
51.66
51.66
Waiting for 20 seconds...
2
Waiting for 20 seconds...
2
Waiting for 20 seconds...
3
Trade succeeded.